0,Version,A002,
1,EncorderType,0,
2,BaudRate,0,
3,ErrorMask,0,
4,AxisMotionType,0,0,0,0,0,0,0,0,0,
5,EncorderComType,0,0,0,0,0,0,0,0,0,
6,UpperLimit,0,0,0,0,0,0,0,0,0,
7,LowerLimit,0,0,0,0,0,0,0,0,0,
8,EquivalentRadius,0,0,0,0,0,0,0,0,0,
9,DegreeToBit,0,0,0,0,0,0,0,0,0,
10,MaxSpeed,0,0,0,0,0,0,0,0,0,
11,MaxDecelTime,0,0,0,0,0,0,0,0,0,
12,Offset,0,0,0,0,0,0,0,0,0,
13,Zeroing,0,0,0,0,0,0,0,0,0,
14,CorrectionMode,0,0,0,0,
15,ibuffer,0,0,0,0,
16,fbuffer-1,0,0,0,0,
17,fbuffer-2,0,0,0,0,
18,fbuffer-3,0,0,0,0,
19,fbuffer-4,0,0,0,0,
20,fbuffer-5,0,0,0,0,
21,fbuffer-6,0,0,0,0,
22,fbuffer-7,0,0,0,0,
23,fbuffer-8,0,0,0,0,
24,fbuffer-9,0,0,0,0,
25,AxTargetAxis,0,0,0,0,0,0,0,0,0,0,0,0,
26,AxReferenceAxis,0,0,0,0,0,0,0,0,0,0,0,0,
27,AxCorrectionValue,0,0,0,0,0,0,0,0,0,0,0,0,
28,CoTargetAxis,0,0,0,0,0,0,0,0,0,0,0,0,
29,CoReferenceAxis,0,0,0,0,0,0,0,0,0,0,0,0,
30,CoCorrectionValue,0,0,0,0,0,0,0,0,0,0,0,0,
31,CoordinateType,0,0,0,0,0,0,0,0,0,0,0,0,0,0,0,0,0,0,0,0,0,0,0,0,0,0,0,0,0,0,0,0,0,0,0,
32,AxisNumber,0,0,0,0,0,0,0,0,0,0,0,0,0,0,0,0,0,0,0,0,0,0,0,0,0,0,0,0,0,0,0,0,0,0,0,
33,RotationZ,0,0,0,0,0,0,0,0,0,0,0,0,0,0,0,0,0,0,0,0,0,0,0,0,0,0,0,0,0,0,0,0,0,0,0,
34,ShiftZ,0,0,0,0,0,0,0,0,0,0,0,0,0,0,0,0,0,0,0,0,0,0,0,0,0,0,0,0,0,0,0,0,0,0,0,
35,ShiftY,0,0,0,0,0,0,0,0,0,0,0,0,0,0,0,0,0,0,0,0,0,0,0,0,0,0,0,0,0,0,0,0,0,0,0,
36,ShiftX,0,0,0,0,0,0,0,0,0,0,0,0,0,0,0,0,0,0,0,0,0,0,0,0,0,0,0,0,0,0,0,0,0,0,0,
37,RotationX,0,0,0,0,0,0,0,0,0,0,0,0,0,0,0,0,0,0,0,0,0,0,0,0,0,0,0,0,0,0,0,0,0,0,0,
38,ExAxisNumber,0,0,0,0,0,0,0,0,0,0,
39,ExAxisNumber,0,0,0,0,0,0,0,0,0,0,
40,ExAxisNumber,0,0,0,0,0,0,0,0,0,0,
41,BaseCoordinates,0,0,0,0,0,0,
42,ArmMonitorPoint/IsValidSpeedMon,0,0,0,0,
43,Tool/IsValidSpeedMon,0,0,0,0,0,0,0,0,0,0,0,0,0,0,0,0,0,0,0,0,0,0,0,0,0,0,0,0,0,0,0,0,
44,ExtAxisSpeedMon,0,0,0,0,0,0,0,0,0,
45,StopJudgeRange,0,0,0,0,0,0,0,0,0,
46,RunningTime,0,
47,Deceleration,0,
48,DecelerationTime,0,
49,PermitionTime,0,
50,EncZeroChangeRange,0,0,0,0,0,0,0,0,0,
51,ToolChangeDistance,1000,
52,ErrorCheckWidth,0,0,0,0,0,0,0,0,0,
53,ErrorCheckTime,0,
54,EncCheckWidth,0,0,0,0,0,0,0,0,0,
55,StopRunningTime,0,
56,BrakingDeceleration,0.01,
57,ErrorCheckWidthPowerON,0,0,0,0,0,0,0,0,0,
58,StopRunningTime,0,
59,BrakingDeceleration,0.01,
60,Tool/IsValidSpMonTch,1048575,1048575,1048575,1048575,1048575,1048575,1048575,1048575,1048575,1048575,1048575,1048575,1048575,1048575,1048575,1048575,1048575,1048575,1048575,1048575,1048575,1048575,1048575,1048575,1048575,1048575,1048575,1048575,1048575,1048575,1048575,1048575,
61,Tool/IsValidCfSpMonTch,1048575,1048575,1048575,1048575,1048575,1048575,1048575,1048575,1048575,1048575,1048575,1048575,1048575,1048575,1048575,1048575,1048575,1048575,1048575,1048575,1048575,1048575,1048575,1048575,1048575,1048575,1048575,1048575,1048575,1048575,1048575,1048575,
101,CoordinateNumber,0,0,0,0,0,
102,X,0,0,0,0,0,
103,Y,0,0,0,0,0,
104,Z,0,0,0,0,0,
105,ArmMonitorLine/CoordinateNumber,0,0,0,0,0,0,
106,ArmMonitorLine/X1,0,0,0,0,0,0,
107,ArmMonitorLine/Y1,0,0,0,0,0,0,
108,ArmMonitorLine/Z1,0,0,0,0,0,0,
109,ArmMonitorLine/X2,0,0,0,0,0,0,
110,ArmMonitorLine/Y2,0,0,0,0,0,0,
111,ArmMonitorLine/Z2,0,0,0,0,0,0,
112,IsValidAreaMon,00000511,00000001,00000001,00000001,00000001,00000001,00000001,00000001,00000001,00000001,00000001,00000001,00000001,00000001,00000001,00000001,00000001,00000001,00000000,00000000,00000000,00000000,00000000,00000000,00000000,00000000,00000000,00000000,00000000,00000000,00000000,00000000,
113,XorO,-1.5,-87,87,87,-87,-87,87,-87,87,0,0,0,0,0,0,0,0,0,0,0,0,88.6,
114,YorA,133.9,118,118,-27,-27,-271,-271,-416,-416,0,0,0,0,0,0,0,0,0,0,0,0,42.7,
115,ZorT,455.3,301,301,446,446,-88,-88,57,57,0,0,0,0,0,0,0,0,0,0,0,0,-88.2,
116,XorO,72.1,0,0,0,0,0,0,0,0,0,0,0,0,0,0,0,0,0,0,0,0,90,
117,YorA,194.8,0,0,0,0,0,0,0,0,0,0,0,0,0,0,0,0,0,0,0,0,45,
118,ZorT,514.4,0,0,0,0,0,0,0,0,0,0,0,0,0,0,0,0,0,0,0,0,0,
119,XorO,0,0,0,0,0,0,0,0,0,0,0,0,0,0,0,0,0,0,0,0,0,0,
120,YorA,0,0,0,0,0,0,0,0,0,0,0,0,0,0,0,0,0,0,0,0,0,0,
121,ZorT,0,0,0,0,0,0,0,0,0,0,0,0,0,0,0,0,0,0,0,0,0,0,
122,XorO,0,0,0,0,0,0,0,0,0,0,0,0,0,0,0,0,0,0,0,0,0,0,
123,YorA,0,0,0,0,0,0,0,0,0,0,0,0,0,0,0,0,0,0,0,0,0,0,
124,ZorT,0,0,0,0,0,0,0,0,0,0,0,0,0,0,0,0,0,0,0,0,0,0,
125,XorO,0,0,0,0,0,0,0,0,0,0,0,0,0,0,0,0,0,0,0,0,0,0,
126,YorA,0,0,0,0,0,0,0,0,0,0,0,0,0,0,0,0,0,0,0,0,0,0,
127,ZorT,0,0,0,0,0,0,0,0,0,0,0,0,0,0,0,0,0,0,0,0,0,0,
128,XorO,0,0,0,0,0,0,0,0,0,0,0,0,0,0,0,0,0,0,0,0,0,0,
129,YorA,0,0,0,0,0,0,0,0,0,0,0,0,0,0,0,0,0,0,0,0,0,0,
130,ZorT,0,0,0,0,0,0,0,0,0,0,0,0,0,0,0,0,0,0,0,0,0,0,
131,XorO,0,0,0,0,0,0,0,0,0,0,0,0,0,0,0,0,0,0,0,0,0,0,
132,YorA,0,0,0,0,0,0,0,0,0,0,0,0,0,0,0,0,0,0,0,0,0,0,
133,ZorT,0,0,0,0,0,0,0,0,0,0,0,0,0,0,0,0,0,0,0,0,0,0,
134,XorO,0,0,0,0,0,0,0,0,0,0,0,0,0,0,0,0,0,0,0,0,0,0,
135,YorA,0,0,0,0,0,0,0,0,0,0,0,0,0,0,0,0,0,0,0,0,0,0,
136,ZorT,0,0,0,0,0,0,0,0,0,0,0,0,0,0,0,0,0,0,0,0,0,0,
137,XorO,0,0,0,0,0,0,0,0,0,0,0,0,0,0,0,0,0,0,0,0,0,0,
138,YorA,0,0,0,0,0,0,0,0,0,0,0,0,0,0,0,0,0,0,0,0,0,0,
139,ZorT,0,0,0,0,0,0,0,0,0,0,0,0,0,0,0,0,0,0,0,0,0,0,
140,XorO,0,0,0,0,0,0,0,0,0,0,0,0,0,0,0,0,0,0,0,0,0,0,
141,YorA,0,0,0,0,0,0,0,0,0,0,0,0,0,0,0,0,0,0,0,0,0,0,
142,ZorT,0,0,0,0,0,0,0,0,0,0,0,0,0,0,0,0,0,0,0,0,0,0,
143,XorO,0,0,0,0,0,0,0,0,0,0,0,0,0,0,0,0,0,0,0,0,0,0,
144,YorA,0,0,0,0,0,0,0,0,0,0,0,0,0,0,0,0,0,0,0,0,0,0,
145,ZorT,0,0,0,0,0,0,0,0,0,0,0,0,0,0,0,0,0,0,0,0,0,0,
146,XorO,0,0,0,0,0,0,0,0,0,0,0,0,0,0,0,0,0,0,0,0,0,0,
147,YorA,0,0,0,0,0,0,0,0,0,0,0,0,0,0,0,0,0,0,0,0,0,0,
148,ZorT,0,0,0,0,0,0,0,0,0,0,0,0,0,0,0,0,0,0,0,0,0,0,
149,XorO,0,0,0,0,0,0,0,0,0,0,0,0,0,0,0,0,0,0,0,0,0,0,
150,YorA,0,0,0,0,0,0,0,0,0,0,0,0,0,0,0,0,0,0,0,0,0,0,
151,ZorT,0,0,0,0,0,0,0,0,0,0,0,0,0,0,0,0,0,0,0,0,0,0,
152,XorO,0,0,0,0,0,0,0,0,0,0,0,0,0,0,0,0,0,0,0,0,0,0,
153,YorA,0,0,0,0,0,0,0,0,0,0,0,0,0,0,0,0,0,0,0,0,0,0,
154,ZorT,0,0,0,0,0,0,0,0,0,0,0,0,0,0,0,0,0,0,0,0,0,0,
155,XorO,0,0,0,0,0,0,0,0,0,0,0,0,0,0,0,0,0,0,0,0,0,0,
156,YorA,0,0,0,0,0,0,0,0,0,0,0,0,0,0,0,0,0,0,0,0,0,0,
157,ZorT,0,0,0,0,0,0,0,0,0,0,0,0,0,0,0,0,0,0,0,0,0,0,
158,XorO,0,0,0,0,0,0,0,0,0,0,0,0,0,0,0,0,0,0,0,0,0,0,
159,YorA,0,0,0,0,0,0,0,0,0,0,0,0,0,0,0,0,0,0,0,0,0,0,
160,ZorT,0,0,0,0,0,0,0,0,0,0,0,0,0,0,0,0,0,0,0,0,0,0,
161,XorO,0,0,0,0,0,0,0,0,0,0,0,0,0,0,0,0,0,0,0,0,0,0,
162,YorA,0,0,0,0,0,0,0,0,0,0,0,0,0,0,0,0,0,0,0,0,0,0,
163,ZorT,0,0,0,0,0,0,0,0,0,0,0,0,0,0,0,0,0,0,0,0,0,0,
164,XorO,0,0,0,0,0,0,0,0,0,0,0,0,0,0,0,0,0,0,0,0,0,0,
165,YorA,0,0,0,0,0,0,0,0,0,0,0,0,0,0,0,0,0,0,0,0,0,0,
166,ZorT,0,0,0,0,0,0,0,0,0,0,0,0,0,0,0,0,0,0,0,0,0,0,
167,XorO,0,0,0,0,0,0,0,0,0,0,0,0,0,0,0,0,0,0,0,0,0,0,
168,YorA,0,0,0,0,0,0,0,0,0,0,0,0,0,0,0,0,0,0,0,0,0,0,
169,ZorT,0,0,0,0,0,0,0,0,0,0,0,0,0,0,0,0,0,0,0,0,0,0,
170,XorO,0,0,0,0,0,0,0,0,0,0,0,0,0,0,0,0,0,0,0,0,0,0,
171,YorA,0,0,0,0,0,0,0,0,0,0,0,0,0,0,0,0,0,0,0,0,0,0,
172,ZorT,0,0,0,0,0,0,0,0,0,0,0,0,0,0,0,0,0,0,0,0,0,0,
173,XorO,0,0,0,0,0,0,0,0,0,0,0,0,0,0,0,0,0,0,0,0,0,0,
174,YorA,0,0,0,0,0,0,0,0,0,0,0,0,0,0,0,0,0,0,0,0,0,0,
175,ZorT,0,0,0,0,0,0,0,0,0,0,0,0,0,0,0,0,0,0,0,0,0,0,
176,XorO,0,0,0,0,0,0,0,0,0,0,0,0,0,0,0,0,0,0,0,0,0,0,
177,YorA,0,0,0,0,0,0,0,0,0,0,0,0,0,0,0,0,0,0,0,0,0,0,
178,ZorT,0,0,0,0,0,0,0,0,0,0,0,0,0,0,0,0,0,0,0,0,0,0,
179,XorO,0,0,0,0,0,0,0,0,0,0,0,0,0,0,0,0,0,0,0,0,0,0,
180,YorA,0,0,0,0,0,0,0,0,0,0,0,0,0,0,0,0,0,0,0,0,0,0,
181,ZorT,0,0,0,0,0,0,0,0,0,0,0,0,0,0,0,0,0,0,0,0,0,0,
182,XorO,0,0,0,0,0,0,0,0,0,0,0,0,0,0,0,0,0,0,0,0,0,0,
183,YorA,0,0,0,0,0,0,0,0,0,0,0,0,0,0,0,0,0,0,0,0,0,0,
184,ZorT,0,0,0,0,0,0,0,0,0,0,0,0,0,0,0,0,0,0,0,0,0,0,
185,XorO,0,0,0,0,0,0,0,0,0,0,0,0,0,0,0,0,0,0,0,0,0,0,
186,YorA,0,0,0,0,0,0,0,0,0,0,0,0,0,0,0,0,0,0,0,0,0,0,
187,ZorT,0,0,0,0,0,0,0,0,0,0,0,0,0,0,0,0,0,0,0,0,0,0,
188,XorO,0,0,0,0,0,0,0,0,0,0,0,0,0,0,0,0,0,0,0,0,0,0,
189,YorA,0,0,0,0,0,0,0,0,0,0,0,0,0,0,0,0,0,0,0,0,0,0,
190,ZorT,0,0,0,0,0,0,0,0,0,0,0,0,0,0,0,0,0,0,0,0,0,0,
191,XorO,0,0,0,0,0,0,0,0,0,0,0,0,0,0,0,0,0,0,0,0,0,0,
192,YorA,0,0,0,0,0,0,0,0,0,0,0,0,0,0,0,0,0,0,0,0,0,0,
193,ZorT,0,0,0,0,0,0,0,0,0,0,0,0,0,0,0,0,0,0,0,0,0,0,
194,XorO,0,0,0,0,0,0,0,0,0,0,0,0,0,0,0,0,0,0,0,0,0,0,
195,YorA,0,0,0,0,0,0,0,0,0,0,0,0,0,0,0,0,0,0,0,0,0,0,
196,ZorT,0,0,0,0,0,0,0,0,0,0,0,0,0,0,0,0,0,0,0,0,0,0,
197,XorO,0,0,0,0,0,0,0,0,0,0,0,0,0,0,0,0,0,0,0,0,0,0,
198,YorA,0,0,0,0,0,0,0,0,0,0,0,0,0,0,0,0,0,0,0,0,0,0,
199,ZorT,0,0,0,0,0,0,0,0,0,0,0,0,0,0,0,0,0,0,0,0,0,0,
200,XorO,0,0,0,0,0,0,0,0,0,0,0,0,0,0,0,0,0,0,0,0,0,0,
201,YorA,0,0,0,0,0,0,0,0,0,0,0,0,0,0,0,0,0,0,0,0,0,0,
202,ZorT,0,0,0,0,0,0,0,0,0,0,0,0,0,0,0,0,0,0,0,0,0,0,
203,XorO,0,0,0,0,0,0,0,0,0,0,0,0,0,0,0,0,0,0,0,0,0,0,
204,YorA,0,0,0,0,0,0,0,0,0,0,0,0,0,0,0,0,0,0,0,0,0,0,
205,ZorT,0,0,0,0,0,0,0,0,0,0,0,0,0,0,0,0,0,0,0,0,0,0,
206,XorO,0,0,0,0,0,0,0,0,0,0,0,0,0,0,0,0,0,0,0,0,0,0,
207,YorA,0,0,0,0,0,0,0,0,0,0,0,0,0,0,0,0,0,0,0,0,0,0,
208,ZorT,0,0,0,0,0,0,0,0,0,0,0,0,0,0,0,0,0,0,0,0,0,0,
209,id2no,1,1,1,1,1,1,1,1,1,1,1,1,1,1,1,1,1,1,1,1,1,1,1,1,1,1,1,1,1,1,1,1,
210,IsValidToolID,1,
211,ToolShape,0,0,0,0,0,0,0,0,0,0,0,0,0,0,0,0,0,0,0,0,
212,ToolShape,0,0,0,0,0,0,0,0,0,0,0,0,0,0,0,0,0,0,0,0,
213,ToolShape,0,0,0,0,0,0,0,0,0,0,0,0,0,0,0,0,0,0,0,0,
214,ToolShape,0,0,0,0,0,0,0,0,0,0,0,0,0,0,0,0,0,0,0,0,
215,ToolShape,0,0,0,0,0,0,0,0,0,0,0,0,0,0,0,0,0,0,0,0,
216,ToolShape,0,0,0,0,0,0,0,0,0,0,0,0,0,0,0,0,0,0,0,0,
217,ToolShape,0,0,0,0,0,0,0,0,0,0,0,0,0,0,0,0,0,0,0,0,
218,ToolShape,0,0,0,0,0,0,0,0,0,0,0,0,0,0,0,0,0,0,0,0,
219,ToolShape,0,0,0,0,0,0,0,0,0,0,0,0,0,0,0,0,0,0,0,0,
220,ToolShape,0,0,0,0,0,0,0,0,0,0,0,0,0,0,0,0,0,0,0,0,
221,ToolShape,0,0,0,0,0,0,0,0,0,0,0,0,0,0,0,0,0,0,0,0,
222,ToolShape,0,0,0,0,0,0,0,0,0,0,0,0,0,0,0,0,0,0,0,0,
223,ToolShape,0,0,0,0,0,0,0,0,0,0,0,0,0,0,0,0,0,0,0,0,
224,ToolShape,0,0,0,0,0,0,0,0,0,0,0,0,0,0,0,0,0,0,0,0,
225,ToolShape,0,0,0,0,0,0,0,0,0,0,0,0,0,0,0,0,0,0,0,0,
226,ToolShape,0,0,0,0,0,0,0,0,0,0,0,0,0,0,0,0,0,0,0,0,
227,ToolShape,0,0,0,0,0,0,0,0,0,0,0,0,0,0,0,0,0,0,0,0,
228,ToolShape,0,0,0,0,0,0,0,0,0,0,0,0,0,0,0,0,0,0,0,0,
229,ToolShape,0,0,0,0,0,0,0,0,0,0,0,0,0,0,0,0,0,0,0,0,
230,ToolShape,0,0,0,0,0,0,0,0,0,0,0,0,0,0,0,0,0,0,0,0,
231,ToolShape,0,0,0,0,0,0,0,0,0,0,0,0,0,0,0,0,0,0,0,0,
232,ToolShape,0,0,0,0,0,0,0,0,0,0,0,0,0,0,0,0,0,0,0,0,
233,ToolShape,0,0,0,0,0,0,0,0,0,0,0,0,0,0,0,0,0,0,0,0,
234,ToolShape,0,0,0,0,0,0,0,0,0,0,0,0,0,0,0,0,0,0,0,0,
235,ToolShape,0,0,0,0,0,0,0,0,0,0,0,0,0,0,0,0,0,0,0,0,
236,ToolShape,0,0,0,0,0,0,0,0,0,0,0,0,0,0,0,0,0,0,0,0,
237,ToolShape,0,0,0,0,0,0,0,0,0,0,0,0,0,0,0,0,0,0,0,0,
238,ToolShape,0,0,0,0,0,0,0,0,0,0,0,0,0,0,0,0,0,0,0,0,
239,ToolShape,0,0,0,0,0,0,0,0,0,0,0,0,0,0,0,0,0,0,0,0,
240,ToolShape,0,0,0,0,0,0,0,0,0,0,0,0,0,0,0,0,0,0,0,0,
241,ToolShape,0,0,0,0,0,0,0,0,0,0,0,0,0,0,0,0,0,0,0,0,
242,ToolShape,0,0,0,0,0,0,0,0,0,0,0,0,0,0,0,0,0,0,0,0,
301,IsValidInTeach,1,
302,IsValidAllArmPointsAreaMon,1,
303,IsValidAllArmLinesAreaMon,1,
304,SelMonIsValidAllPoints,1,
305,SelMonIsValidAllLines,1,
306,SelMonIsValidAllPoints,1,
307,SelMonIsValidAllLines,1,
308,SelMonIsValidAllPoints,1,
309,SelMonIsValidAllLines,1,
310,SelMonIsValidAllPoints,1,
311,SelMonIsValidAllLines,1,
312,IsValidStopDistanceEstimate,1,
313,ConstMonitorZ+Z-,3657,-304,
314,ConstMonitorAttribute,1,1,1,1,0,0,0,0,
315,ConstMonitorXY,3026,-1651,3026,4500,-3026,4500,-3026,-1651,0,0,0,0,0,0,0,0,
316,ConstProhibitZ+Z-,0,0,
317,ConstProhibitValidAreaMon,0,
318,ConstProhibitAttribute,0,0,0,0,
319,ConstProhibitXY,0,0,0,0,0,0,0,0,
320,ConstProhibitZ+Z-,0,0,
321,ConstProhibitValidAreaMon,0,
322,ConstProhibitAttribute,0,0,0,0,
323,ConstProhibitXY,0,0,0,0,0,0,0,0,
324,ConstProhibitZ+Z-,0,0,
325,ConstProhibitValidAreaMon,0,
326,ConstProhibitAttribute,0,0,0,0,
327,ConstProhibitXY,0,0,0,0,0,0,0,0,
328,ConstProhibitZ+Z-,0,0,
329,ConstProhibitValidAreaMon,0,
330,ConstProhibitAttribute,0,0,0,0,
331,ConstProhibitXY,0,0,0,0,0,0,0,0,
332,ConstProhibitZ+Z-,0,0,
333,ConstProhibitValidAreaMon,0,
334,ConstProhibitAttribute,0,0,0,0,
335,ConstProhibitXY,0,0,0,0,0,0,0,0,
336,ConstProhibitZ+Z-,0,0,
337,ConstProhibitValidAreaMon,0,
338,ConstProhibitAttribute,0,0,0,0,
339,ConstProhibitXY,0,0,0,0,0,0,0,0,
340,ConstProhibitZ+Z-,0,0,
341,ConstProhibitValidAreaMon,0,
342,ConstProhibitAttribute,0,0,0,0,
343,ConstProhibitXY,0,0,0,0,0,0,0,0,
344,ConstProhibitZ+Z-,0,0,
345,ConstProhibitValidAreaMon,0,
346,ConstProhibitAttribute,0,0,0,0,
347,ConstProhibitXY,0,0,0,0,0,0,0,0,
348,SelectMonitorZ+Z-,0,0,
349,SelectMonitorValidAreaMon,0,
350,SelectMonitorPermit,0,
351,SelectMonitorAttribute,0,0,0,0,0,0,
352,SelectMonitorXY,0,0,0,0,0,0,0,0,0,0,0,0,
353,SelectMonitorZ+Z-,0,0,
354,SelectMonitorValidAreaMon,0,
355,SelectMonitorPermit,0,
356,SelectMonitorAttribute,0,0,0,0,0,0,
357,SelectMonitorXY,0,0,0,0,0,0,0,0,0,0,0,0,
358,SelectMonitorZ+Z-,0,0,
359,SelectMonitorValidAreaMon,0,
360,SelectMonitorPermit,0,
361,SelectMonitorAttribute,0,0,0,0,0,0,
362,SelectMonitorXY,0,0,0,0,0,0,0,0,0,0,0,0,
363,SelectMonitorZ+Z-,0,0,
364,SelectMonitorValidAreaMon,0,
365,SelectMonitorPermit,0,
366,SelectMonitorAttribute,0,0,0,0,0,0,
367,SelectMonitorXY,0,0,0,0,0,0,0,0,0,0,0,0,
401,SelectIsValidInTeach,1,
402,SelectUpperLimit,0,0,0,0,0,0,0,0,0,
403,SelectLowerLimit,0,0,0,0,0,0,0,0,0,
404,IsValid,0,0,0,0,0,0,0,0,0,
405,IsValidLogicalReverse,0,0,0,0,0,0,0,0,0,
406,SelectUpperLimit,0,0,0,0,0,0,0,0,0,
407,SelectLowerLimit,0,0,0,0,0,0,0,0,0,
408,IsValid,0,0,0,0,0,0,0,0,0,
409,IsValidLogicalReverse,0,0,0,0,0,0,0,0,0,
410,SelectUpperLimit,0,0,0,0,0,0,0,0,0,
411,SelectLowerLimit,0,0,0,0,0,0,0,0,0,
412,IsValid,0,0,0,0,0,0,0,0,0,
413,IsValidLogicalReverse,0,0,0,0,0,0,0,0,0,
414,SelectUpperLimit,0,0,0,0,0,0,0,0,0,
415,SelectLowerLimit,0,0,0,0,0,0,0,0,0,
416,IsValid,0,0,0,0,0,0,0,0,0,
417,IsValidLogicalReverse,0,0,0,0,0,0,0,0,0,
418,SelectUpperLimit,0,0,0,0,0,0,0,0,0,
419,SelectLowerLimit,0,0,0,0,0,0,0,0,0,
420,IsValid,0,0,0,0,0,0,0,0,0,
421,IsValidLogicalReverse,0,0,0,0,0,0,0,0,0,
422,SelectUpperLimit,0,0,0,0,0,0,0,0,0,
423,SelectLowerLimit,0,0,0,0,0,0,0,0,0,
424,IsValid,0,0,0,0,0,0,0,0,0,
425,IsValidLogicalReverse,0,0,0,0,0,0,0,0,0,
426,SelectUpperLimit,0,0,0,0,0,0,0,0,0,
427,SelectLowerLimit,0,0,0,0,0,0,0,0,0,
428,IsValid,0,0,0,0,0,0,0,0,0,
429,IsValidLogicalReverse,0,0,0,0,0,0,0,0,0,
430,SelectUpperLimit,0,0,0,0,0,0,0,0,0,
431,SelectLowerLimit,0,0,0,0,0,0,0,0,0,
432,IsValid,0,0,0,0,0,0,0,0,0,
433,IsValidLogicalReverse,0,0,0,0,0,0,0,0,0,
501,IsValidSpeedInTeach,1,
502,UserSetSpeed,0,
601,IsValidStopInTeach,1,
701,IsValidToolInTeach,1,
702,AngleRange,0,0,0,0,0,
703,O,0,0,0,0,0,
704,A,0,0,0,0,0,
705,T,0,0,0,0,0,
801,IsValidInTeachProtectStop,1,1,1,1,
802,ProtectiveStopCategory,0,0,0,0,
901,StopCategory,0,
1001,IsDiagnosis,1,
1002,FilterTime,3,
1003,PermitTime,2000,
1004,LogicType,0,
1005,IsDiagnosis,1,
1006,FilterTime,3,
1007,PermitTime,2000,
1008,LogicType,0,
1009,IsDiagnosis,1,
1010,FilterTime,3,
1011,PermitTime,500,
1012,LogicType,0,
1013,IsDiagnosis,1,
1014,FilterTime,3,
1015,PermitTime,500,
1016,LogicType,0,
1017,IsDiagnosis,1,
1018,FilterTime,1,
1019,PermitTime,500,
1020,LogicType,0,
1021,IsDiagnosis,1,
1022,FilterTime,1,
1023,PermitTime,500,
1024,LogicType,0,
1025,IsDiagnosis,1,
1026,FilterTime,1,
1027,PermitTime,500,
1028,LogicType,0,
1029,IsDiagnosis,1,
1030,FilterTime,1,
1031,PermitTime,500,
1032,LogicType,0,
1033,IsDiagnosis,1,
1034,FilterTime,1,
1035,PermitTime,500,
1036,LogicType,0,
1037,IsDiagnosis,1,
1038,FilterTime,1,
1039,PermitTime,500,
1040,LogicType,0,
1041,IsDiagnosis,1,
1042,FilterTime,1,
1043,PermitTime,500,
1044,LogicType,0,
1045,IsDiagnosis,1,
1046,FilterTime,1,
1047,PermitTime,500,
1048,LogicType,0,
1049,SignalNumber,0,0,0,0,0,0,0,0,0,0,0,0,0,0,0,0,0,0,0,0,0,0,0,0,0,0,0,0,0,0,0,5,0,0,0,0,0,0,0,0,0,0,0,0,0,0,0,
1050,SignalNumber,0,
1051,SignalNumber,0,
1052,SignalNumber,0,
1053,SignalNumber,0,
1054,SignalNumber,33,
1055,SignalNumber,0,
1056,SignalNumber,0,
1057,SignalNumber,0,
1058,SignalNumber2,0,0,0,0,0,0,0,0,
1101,SafetyInput,0,0,0,0,1,1,1,1,1,1,1,1,
1102,SafetyOutput,1,1,1,1,1,1,1,1,
1201,RobotName,,
1202,CubicsVersionInfo,CSUV010333305    2013/01/11 12:00 70de:70de  CSUW010333305    2013/01/11 12:00 c44f:c44f,
1203,CubicsSpec,0,
1300,OffDelayTimer1,500,
1301,OffDelayTimer2,500,
1060,SignalNumber,0,
1061,SignalNumber,0,
1062,SignalNumber,0,
1063,SignalNumber,0,
1064,SignalNumber,0,
1065,SignalNumber,0,
1066,SignalNumber,0,
1067,SignalNumber,0,
1068,SignalNumber,0,
1069,SignalNumber,0,
1070,SignalNumber,0,
1071,SignalNumber,0,
1072,SignalNumber,0,
1073,SignalNumber,0,
1074,SignalNumber,0,
1075,SignalNumber,0,
1103,NetworkIO,0,0,0,0,0,0,0,0,0,0,0,0,0,0,0,0,
1104,NetworkIO,0,0,0,0,0,0,0,0,0,0,0,0,0,0,0,0,
